{
 "cells": [
  {
   "cell_type": "markdown",
   "metadata": {},
   "source": [
    "# The different relationships"
   ]
  },
  {
   "cell_type": "markdown",
   "metadata": {},
   "source": [
    "## 线性关系"
   ]
  },
  {
   "cell_type": "markdown",
   "metadata": {},
   "source": [
    "$$\n",
    "\\vec {x} = [x_0, x_1, x_2, ..., x_n] \\\\\n",
    "f(x) = \\sum_{i \\in N} w_i \\times x_i + b\n",
    "$$"
   ]
  },
  {
   "cell_type": "markdown",
   "metadata": {},
   "source": [
    "# linear_regression_course"
   ]
  },
  {
   "cell_type": "code",
   "execution_count": 1,
   "metadata": {},
   "outputs": [],
   "source": [
    "'''\n",
    "Linear Regression:\n",
    "Use boston house price dataset.\n",
    "'''\n",
    "import random\n",
    "import pandas as pd\n",
    "import numpy as np"
   ]
  },
  {
   "cell_type": "code",
   "execution_count": 2,
   "metadata": {},
   "outputs": [],
   "source": [
    "from sklearn.datasets import fetch_openml\n",
    "dataset = fetch_openml(name='boston', version=1, as_frame=True, return_X_y=False, parser='pandas')"
   ]
  },
  {
   "cell_type": "code",
   "execution_count": 3,
   "metadata": {},
   "outputs": [],
   "source": [
    "dataset\n",
    "data = dataset['data']\n",
    "target = dataset['target']\n",
    "columns = dataset['feature_names']"
   ]
  },
  {
   "cell_type": "code",
   "execution_count": 4,
   "metadata": {},
   "outputs": [
    {
     "data": {
      "application/vnd.microsoft.datawrangler.viewer.v0+json": {
       "columns": [
        {
         "name": "index",
         "rawType": "int64",
         "type": "integer"
        },
        {
         "name": "CRIM",
         "rawType": "float64",
         "type": "float"
        },
        {
         "name": "ZN",
         "rawType": "float64",
         "type": "float"
        },
        {
         "name": "INDUS",
         "rawType": "float64",
         "type": "float"
        },
        {
         "name": "CHAS",
         "rawType": "category",
         "type": "unknown"
        },
        {
         "name": "NOX",
         "rawType": "float64",
         "type": "float"
        },
        {
         "name": "RM",
         "rawType": "float64",
         "type": "float"
        },
        {
         "name": "AGE",
         "rawType": "float64",
         "type": "float"
        },
        {
         "name": "DIS",
         "rawType": "float64",
         "type": "float"
        },
        {
         "name": "RAD",
         "rawType": "category",
         "type": "unknown"
        },
        {
         "name": "TAX",
         "rawType": "float64",
         "type": "float"
        },
        {
         "name": "PTRATIO",
         "rawType": "float64",
         "type": "float"
        },
        {
         "name": "B",
         "rawType": "float64",
         "type": "float"
        },
        {
         "name": "LSTAT",
         "rawType": "float64",
         "type": "float"
        },
        {
         "name": "price",
         "rawType": "float64",
         "type": "float"
        }
       ],
       "ref": "870d84df-b114-4ec0-8e44-79cdfbe67ecb",
       "rows": [
        [
         "0",
         "0.00632",
         "18.0",
         "2.31",
         "0",
         "0.538",
         "6.575",
         "65.2",
         "4.09",
         "1",
         "296.0",
         "15.3",
         "396.9",
         "4.98",
         "24.0"
        ],
        [
         "1",
         "0.02731",
         "0.0",
         "7.07",
         "0",
         "0.469",
         "6.421",
         "78.9",
         "4.9671",
         "2",
         "242.0",
         "17.8",
         "396.9",
         "9.14",
         "21.6"
        ],
        [
         "2",
         "0.02729",
         "0.0",
         "7.07",
         "0",
         "0.469",
         "7.185",
         "61.1",
         "4.9671",
         "2",
         "242.0",
         "17.8",
         "392.83",
         "4.03",
         "34.7"
        ],
        [
         "3",
         "0.03237",
         "0.0",
         "2.18",
         "0",
         "0.458",
         "6.998",
         "45.8",
         "6.0622",
         "3",
         "222.0",
         "18.7",
         "394.63",
         "2.94",
         "33.4"
        ],
        [
         "4",
         "0.06905",
         "0.0",
         "2.18",
         "0",
         "0.458",
         "7.147",
         "54.2",
         "6.0622",
         "3",
         "222.0",
         "18.7",
         "396.9",
         "5.33",
         "36.2"
        ]
       ],
       "shape": {
        "columns": 14,
        "rows": 5
       }
      },
      "text/html": [
       "<div>\n",
       "<style scoped>\n",
       "    .dataframe tbody tr th:only-of-type {\n",
       "        vertical-align: middle;\n",
       "    }\n",
       "\n",
       "    .dataframe tbody tr th {\n",
       "        vertical-align: top;\n",
       "    }\n",
       "\n",
       "    .dataframe thead th {\n",
       "        text-align: right;\n",
       "    }\n",
       "</style>\n",
       "<table border=\"1\" class=\"dataframe\">\n",
       "  <thead>\n",
       "    <tr style=\"text-align: right;\">\n",
       "      <th></th>\n",
       "      <th>CRIM</th>\n",
       "      <th>ZN</th>\n",
       "      <th>INDUS</th>\n",
       "      <th>CHAS</th>\n",
       "      <th>NOX</th>\n",
       "      <th>RM</th>\n",
       "      <th>AGE</th>\n",
       "      <th>DIS</th>\n",
       "      <th>RAD</th>\n",
       "      <th>TAX</th>\n",
       "      <th>PTRATIO</th>\n",
       "      <th>B</th>\n",
       "      <th>LSTAT</th>\n",
       "      <th>price</th>\n",
       "    </tr>\n",
       "  </thead>\n",
       "  <tbody>\n",
       "    <tr>\n",
       "      <th>0</th>\n",
       "      <td>0.00632</td>\n",
       "      <td>18.0</td>\n",
       "      <td>2.31</td>\n",
       "      <td>0</td>\n",
       "      <td>0.538</td>\n",
       "      <td>6.575</td>\n",
       "      <td>65.2</td>\n",
       "      <td>4.0900</td>\n",
       "      <td>1</td>\n",
       "      <td>296.0</td>\n",
       "      <td>15.3</td>\n",
       "      <td>396.90</td>\n",
       "      <td>4.98</td>\n",
       "      <td>24.0</td>\n",
       "    </tr>\n",
       "    <tr>\n",
       "      <th>1</th>\n",
       "      <td>0.02731</td>\n",
       "      <td>0.0</td>\n",
       "      <td>7.07</td>\n",
       "      <td>0</td>\n",
       "      <td>0.469</td>\n",
       "      <td>6.421</td>\n",
       "      <td>78.9</td>\n",
       "      <td>4.9671</td>\n",
       "      <td>2</td>\n",
       "      <td>242.0</td>\n",
       "      <td>17.8</td>\n",
       "      <td>396.90</td>\n",
       "      <td>9.14</td>\n",
       "      <td>21.6</td>\n",
       "    </tr>\n",
       "    <tr>\n",
       "      <th>2</th>\n",
       "      <td>0.02729</td>\n",
       "      <td>0.0</td>\n",
       "      <td>7.07</td>\n",
       "      <td>0</td>\n",
       "      <td>0.469</td>\n",
       "      <td>7.185</td>\n",
       "      <td>61.1</td>\n",
       "      <td>4.9671</td>\n",
       "      <td>2</td>\n",
       "      <td>242.0</td>\n",
       "      <td>17.8</td>\n",
       "      <td>392.83</td>\n",
       "      <td>4.03</td>\n",
       "      <td>34.7</td>\n",
       "    </tr>\n",
       "    <tr>\n",
       "      <th>3</th>\n",
       "      <td>0.03237</td>\n",
       "      <td>0.0</td>\n",
       "      <td>2.18</td>\n",
       "      <td>0</td>\n",
       "      <td>0.458</td>\n",
       "      <td>6.998</td>\n",
       "      <td>45.8</td>\n",
       "      <td>6.0622</td>\n",
       "      <td>3</td>\n",
       "      <td>222.0</td>\n",
       "      <td>18.7</td>\n",
       "      <td>394.63</td>\n",
       "      <td>2.94</td>\n",
       "      <td>33.4</td>\n",
       "    </tr>\n",
       "    <tr>\n",
       "      <th>4</th>\n",
       "      <td>0.06905</td>\n",
       "      <td>0.0</td>\n",
       "      <td>2.18</td>\n",
       "      <td>0</td>\n",
       "      <td>0.458</td>\n",
       "      <td>7.147</td>\n",
       "      <td>54.2</td>\n",
       "      <td>6.0622</td>\n",
       "      <td>3</td>\n",
       "      <td>222.0</td>\n",
       "      <td>18.7</td>\n",
       "      <td>396.90</td>\n",
       "      <td>5.33</td>\n",
       "      <td>36.2</td>\n",
       "    </tr>\n",
       "  </tbody>\n",
       "</table>\n",
       "</div>"
      ],
      "text/plain": [
       "      CRIM    ZN  INDUS CHAS    NOX     RM   AGE     DIS RAD    TAX  PTRATIO  \\\n",
       "0  0.00632  18.0   2.31    0  0.538  6.575  65.2  4.0900   1  296.0     15.3   \n",
       "1  0.02731   0.0   7.07    0  0.469  6.421  78.9  4.9671   2  242.0     17.8   \n",
       "2  0.02729   0.0   7.07    0  0.469  7.185  61.1  4.9671   2  242.0     17.8   \n",
       "3  0.03237   0.0   2.18    0  0.458  6.998  45.8  6.0622   3  222.0     18.7   \n",
       "4  0.06905   0.0   2.18    0  0.458  7.147  54.2  6.0622   3  222.0     18.7   \n",
       "\n",
       "        B  LSTAT  price  \n",
       "0  396.90   4.98   24.0  \n",
       "1  396.90   9.14   21.6  \n",
       "2  392.83   4.03   34.7  \n",
       "3  394.63   2.94   33.4  \n",
       "4  396.90   5.33   36.2  "
      ]
     },
     "execution_count": 4,
     "metadata": {},
     "output_type": "execute_result"
    }
   ],
   "source": [
    "dataframe = pd.DataFrame(data)\n",
    "dataframe['price']  = target\n",
    "dataframe.head()"
   ]
  },
  {
   "cell_type": "code",
   "execution_count": 5,
   "metadata": {},
   "outputs": [
    {
     "data": {
      "application/vnd.microsoft.datawrangler.viewer.v0+json": {
       "columns": [
        {
         "name": "index",
         "rawType": "object",
         "type": "string"
        },
        {
         "name": "CRIM",
         "rawType": "float64",
         "type": "float"
        },
        {
         "name": "ZN",
         "rawType": "float64",
         "type": "float"
        },
        {
         "name": "INDUS",
         "rawType": "float64",
         "type": "float"
        },
        {
         "name": "CHAS",
         "rawType": "float64",
         "type": "float"
        },
        {
         "name": "NOX",
         "rawType": "float64",
         "type": "float"
        },
        {
         "name": "RM",
         "rawType": "float64",
         "type": "float"
        },
        {
         "name": "AGE",
         "rawType": "float64",
         "type": "float"
        },
        {
         "name": "DIS",
         "rawType": "float64",
         "type": "float"
        },
        {
         "name": "RAD",
         "rawType": "float64",
         "type": "float"
        },
        {
         "name": "TAX",
         "rawType": "float64",
         "type": "float"
        },
        {
         "name": "PTRATIO",
         "rawType": "float64",
         "type": "float"
        },
        {
         "name": "B",
         "rawType": "float64",
         "type": "float"
        },
        {
         "name": "LSTAT",
         "rawType": "float64",
         "type": "float"
        },
        {
         "name": "price",
         "rawType": "float64",
         "type": "float"
        }
       ],
       "ref": "d15e77cb-0b4f-49bd-916e-6ffd4ad5ca82",
       "rows": [
        [
         "CRIM",
         "1.0",
         "-0.20046921966254744",
         "0.4065834114062594",
         "-0.05589158222224156",
         "0.4209717113924554",
         "-0.21924670286251313",
         "0.3527342509013634",
         "-0.37967008695102467",
         "0.6255051452626025",
         "0.5827643120325854",
         "0.2899455792795226",
         "-0.38506394199422395",
         "0.45562147944794623",
         "-0.38830460858681154"
        ],
        [
         "ZN",
         "-0.20046921966254744",
         "1.0",
         "-0.5338281863044696",
         "-0.04269671929612169",
         "-0.516603707827984",
         "0.3119905873740903",
         "-0.5695373420992109",
         "0.6644082227621103",
         "-0.3119478260185367",
         "-0.31456332467759973",
         "-0.39167854793621604",
         "0.17552031738282733",
         "-0.412994574527003",
         "0.3604453424505433"
        ],
        [
         "INDUS",
         "0.4065834114062594",
         "-0.5338281863044696",
         "1.0",
         "0.06293802748966512",
         "0.7636514469209139",
         "-0.39167585265684285",
         "0.6447785113552554",
         "-0.7080269887427677",
         "0.5951292746038486",
         "0.7207601799515422",
         "0.38324755642888936",
         "-0.35697653510419275",
         "0.6037997164766209",
         "-0.48372516002837285"
        ],
        [
         "CHAS",
         "-0.05589158222224156",
         "-0.04269671929612169",
         "0.06293802748966512",
         "1.0",
         "0.09120280684249563",
         "0.0912512250434566",
         "0.08651777425454328",
         "-0.09917578017472801",
         "-0.007368240886077549",
         "-0.03558651758591145",
         "-0.12151517365806228",
         "0.04878848495516649",
         "-0.0539292983756943",
         "0.17526017719029868"
        ],
        [
         "NOX",
         "0.4209717113924554",
         "-0.516603707827984",
         "0.7636514469209139",
         "0.09120280684249563",
         "1.0",
         "-0.30218818784959245",
         "0.731470103785959",
         "-0.7692301132258285",
         "0.6114405634855763",
         "0.6680232004030218",
         "0.1889326771127687",
         "-0.38005063779240006",
         "0.5908789208808451",
         "-0.4273207723732821"
        ],
        [
         "RM",
         "-0.21924670286251313",
         "0.3119905873740903",
         "-0.39167585265684285",
         "0.0912512250434566",
         "-0.30218818784959245",
         "1.0",
         "-0.24026493104775065",
         "0.2052462129300544",
         "-0.20984666776610847",
         "-0.29204783262321893",
         "-0.35550149455908503",
         "0.12806863509254207",
         "-0.6138082718663956",
         "0.6953599470715401"
        ],
        [
         "AGE",
         "0.3527342509013634",
         "-0.5695373420992109",
         "0.6447785113552554",
         "0.08651777425454328",
         "0.731470103785959",
         "-0.24026493104775065",
         "1.0",
         "-0.7478805408686321",
         "0.45602245175161377",
         "0.5064555935507051",
         "0.2615150116719584",
         "-0.273533976638513",
         "0.6023385287262396",
         "-0.3769545650045961"
        ],
        [
         "DIS",
         "-0.37967008695102467",
         "0.6644082227621103",
         "-0.7080269887427677",
         "-0.09917578017472801",
         "-0.7692301132258285",
         "0.2052462129300544",
         "-0.7478805408686321",
         "1.0",
         "-0.49458792967207604",
         "-0.5344315844084576",
         "-0.2324705424082582",
         "0.2915116731330399",
         "-0.4969958308636847",
         "0.249928734085904"
        ],
        [
         "RAD",
         "0.6255051452626025",
         "-0.3119478260185367",
         "0.5951292746038486",
         "-0.007368240886077549",
         "0.6114405634855763",
         "-0.20984666776610847",
         "0.45602245175161377",
         "-0.49458792967207604",
         "1.0",
         "0.9102281885331867",
         "0.46474117850306057",
         "-0.4444128155751259",
         "0.4886763349750666",
         "-0.38162623063977735"
        ],
        [
         "TAX",
         "0.5827643120325854",
         "-0.31456332467759973",
         "0.7207601799515422",
         "-0.03558651758591145",
         "0.6680232004030218",
         "-0.29204783262321893",
         "0.5064555935507051",
         "-0.5344315844084576",
         "0.9102281885331867",
         "1.0",
         "0.4608530350656702",
         "-0.4418080067228143",
         "0.5439934120015697",
         "-0.4685359335677667"
        ],
        [
         "PTRATIO",
         "0.2899455792795226",
         "-0.39167854793621604",
         "0.38324755642888936",
         "-0.12151517365806228",
         "0.1889326771127687",
         "-0.35550149455908503",
         "0.2615150116719584",
         "-0.2324705424082582",
         "0.46474117850306057",
         "0.4608530350656702",
         "1.0",
         "-0.1773833023052333",
         "0.3740443167146771",
         "-0.5077866855375623"
        ],
        [
         "B",
         "-0.38506394199422395",
         "0.17552031738282733",
         "-0.35697653510419275",
         "0.04878848495516649",
         "-0.38005063779240006",
         "0.12806863509254207",
         "-0.273533976638513",
         "0.2915116731330399",
         "-0.4444128155751259",
         "-0.4418080067228143",
         "-0.1773833023052333",
         "1.0",
         "-0.3660869016915966",
         "0.3334608196570662"
        ],
        [
         "LSTAT",
         "0.45562147944794623",
         "-0.412994574527003",
         "0.6037997164766209",
         "-0.0539292983756943",
         "0.5908789208808451",
         "-0.6138082718663956",
         "0.6023385287262396",
         "-0.4969958308636847",
         "0.4886763349750666",
         "0.5439934120015697",
         "0.3740443167146771",
         "-0.3660869016915966",
         "1.0",
         "-0.7376627261740145"
        ],
        [
         "price",
         "-0.38830460858681154",
         "0.3604453424505433",
         "-0.48372516002837285",
         "0.17526017719029868",
         "-0.4273207723732821",
         "0.6953599470715401",
         "-0.3769545650045961",
         "0.249928734085904",
         "-0.38162623063977735",
         "-0.4685359335677667",
         "-0.5077866855375623",
         "0.3334608196570662",
         "-0.7376627261740145",
         "1.0"
        ]
       ],
       "shape": {
        "columns": 14,
        "rows": 14
       }
      },
      "text/html": [
       "<div>\n",
       "<style scoped>\n",
       "    .dataframe tbody tr th:only-of-type {\n",
       "        vertical-align: middle;\n",
       "    }\n",
       "\n",
       "    .dataframe tbody tr th {\n",
       "        vertical-align: top;\n",
       "    }\n",
       "\n",
       "    .dataframe thead th {\n",
       "        text-align: right;\n",
       "    }\n",
       "</style>\n",
       "<table border=\"1\" class=\"dataframe\">\n",
       "  <thead>\n",
       "    <tr style=\"text-align: right;\">\n",
       "      <th></th>\n",
       "      <th>CRIM</th>\n",
       "      <th>ZN</th>\n",
       "      <th>INDUS</th>\n",
       "      <th>CHAS</th>\n",
       "      <th>NOX</th>\n",
       "      <th>RM</th>\n",
       "      <th>AGE</th>\n",
       "      <th>DIS</th>\n",
       "      <th>RAD</th>\n",
       "      <th>TAX</th>\n",
       "      <th>PTRATIO</th>\n",
       "      <th>B</th>\n",
       "      <th>LSTAT</th>\n",
       "      <th>price</th>\n",
       "    </tr>\n",
       "  </thead>\n",
       "  <tbody>\n",
       "    <tr>\n",
       "      <th>CRIM</th>\n",
       "      <td>1.000000</td>\n",
       "      <td>-0.200469</td>\n",
       "      <td>0.406583</td>\n",
       "      <td>-0.055892</td>\n",
       "      <td>0.420972</td>\n",
       "      <td>-0.219247</td>\n",
       "      <td>0.352734</td>\n",
       "      <td>-0.379670</td>\n",
       "      <td>0.625505</td>\n",
       "      <td>0.582764</td>\n",
       "      <td>0.289946</td>\n",
       "      <td>-0.385064</td>\n",
       "      <td>0.455621</td>\n",
       "      <td>-0.388305</td>\n",
       "    </tr>\n",
       "    <tr>\n",
       "      <th>ZN</th>\n",
       "      <td>-0.200469</td>\n",
       "      <td>1.000000</td>\n",
       "      <td>-0.533828</td>\n",
       "      <td>-0.042697</td>\n",
       "      <td>-0.516604</td>\n",
       "      <td>0.311991</td>\n",
       "      <td>-0.569537</td>\n",
       "      <td>0.664408</td>\n",
       "      <td>-0.311948</td>\n",
       "      <td>-0.314563</td>\n",
       "      <td>-0.391679</td>\n",
       "      <td>0.175520</td>\n",
       "      <td>-0.412995</td>\n",
       "      <td>0.360445</td>\n",
       "    </tr>\n",
       "    <tr>\n",
       "      <th>INDUS</th>\n",
       "      <td>0.406583</td>\n",
       "      <td>-0.533828</td>\n",
       "      <td>1.000000</td>\n",
       "      <td>0.062938</td>\n",
       "      <td>0.763651</td>\n",
       "      <td>-0.391676</td>\n",
       "      <td>0.644779</td>\n",
       "      <td>-0.708027</td>\n",
       "      <td>0.595129</td>\n",
       "      <td>0.720760</td>\n",
       "      <td>0.383248</td>\n",
       "      <td>-0.356977</td>\n",
       "      <td>0.603800</td>\n",
       "      <td>-0.483725</td>\n",
       "    </tr>\n",
       "    <tr>\n",
       "      <th>CHAS</th>\n",
       "      <td>-0.055892</td>\n",
       "      <td>-0.042697</td>\n",
       "      <td>0.062938</td>\n",
       "      <td>1.000000</td>\n",
       "      <td>0.091203</td>\n",
       "      <td>0.091251</td>\n",
       "      <td>0.086518</td>\n",
       "      <td>-0.099176</td>\n",
       "      <td>-0.007368</td>\n",
       "      <td>-0.035587</td>\n",
       "      <td>-0.121515</td>\n",
       "      <td>0.048788</td>\n",
       "      <td>-0.053929</td>\n",
       "      <td>0.175260</td>\n",
       "    </tr>\n",
       "    <tr>\n",
       "      <th>NOX</th>\n",
       "      <td>0.420972</td>\n",
       "      <td>-0.516604</td>\n",
       "      <td>0.763651</td>\n",
       "      <td>0.091203</td>\n",
       "      <td>1.000000</td>\n",
       "      <td>-0.302188</td>\n",
       "      <td>0.731470</td>\n",
       "      <td>-0.769230</td>\n",
       "      <td>0.611441</td>\n",
       "      <td>0.668023</td>\n",
       "      <td>0.188933</td>\n",
       "      <td>-0.380051</td>\n",
       "      <td>0.590879</td>\n",
       "      <td>-0.427321</td>\n",
       "    </tr>\n",
       "    <tr>\n",
       "      <th>RM</th>\n",
       "      <td>-0.219247</td>\n",
       "      <td>0.311991</td>\n",
       "      <td>-0.391676</td>\n",
       "      <td>0.091251</td>\n",
       "      <td>-0.302188</td>\n",
       "      <td>1.000000</td>\n",
       "      <td>-0.240265</td>\n",
       "      <td>0.205246</td>\n",
       "      <td>-0.209847</td>\n",
       "      <td>-0.292048</td>\n",
       "      <td>-0.355501</td>\n",
       "      <td>0.128069</td>\n",
       "      <td>-0.613808</td>\n",
       "      <td>0.695360</td>\n",
       "    </tr>\n",
       "    <tr>\n",
       "      <th>AGE</th>\n",
       "      <td>0.352734</td>\n",
       "      <td>-0.569537</td>\n",
       "      <td>0.644779</td>\n",
       "      <td>0.086518</td>\n",
       "      <td>0.731470</td>\n",
       "      <td>-0.240265</td>\n",
       "      <td>1.000000</td>\n",
       "      <td>-0.747881</td>\n",
       "      <td>0.456022</td>\n",
       "      <td>0.506456</td>\n",
       "      <td>0.261515</td>\n",
       "      <td>-0.273534</td>\n",
       "      <td>0.602339</td>\n",
       "      <td>-0.376955</td>\n",
       "    </tr>\n",
       "    <tr>\n",
       "      <th>DIS</th>\n",
       "      <td>-0.379670</td>\n",
       "      <td>0.664408</td>\n",
       "      <td>-0.708027</td>\n",
       "      <td>-0.099176</td>\n",
       "      <td>-0.769230</td>\n",
       "      <td>0.205246</td>\n",
       "      <td>-0.747881</td>\n",
       "      <td>1.000000</td>\n",
       "      <td>-0.494588</td>\n",
       "      <td>-0.534432</td>\n",
       "      <td>-0.232471</td>\n",
       "      <td>0.291512</td>\n",
       "      <td>-0.496996</td>\n",
       "      <td>0.249929</td>\n",
       "    </tr>\n",
       "    <tr>\n",
       "      <th>RAD</th>\n",
       "      <td>0.625505</td>\n",
       "      <td>-0.311948</td>\n",
       "      <td>0.595129</td>\n",
       "      <td>-0.007368</td>\n",
       "      <td>0.611441</td>\n",
       "      <td>-0.209847</td>\n",
       "      <td>0.456022</td>\n",
       "      <td>-0.494588</td>\n",
       "      <td>1.000000</td>\n",
       "      <td>0.910228</td>\n",
       "      <td>0.464741</td>\n",
       "      <td>-0.444413</td>\n",
       "      <td>0.488676</td>\n",
       "      <td>-0.381626</td>\n",
       "    </tr>\n",
       "    <tr>\n",
       "      <th>TAX</th>\n",
       "      <td>0.582764</td>\n",
       "      <td>-0.314563</td>\n",
       "      <td>0.720760</td>\n",
       "      <td>-0.035587</td>\n",
       "      <td>0.668023</td>\n",
       "      <td>-0.292048</td>\n",
       "      <td>0.506456</td>\n",
       "      <td>-0.534432</td>\n",
       "      <td>0.910228</td>\n",
       "      <td>1.000000</td>\n",
       "      <td>0.460853</td>\n",
       "      <td>-0.441808</td>\n",
       "      <td>0.543993</td>\n",
       "      <td>-0.468536</td>\n",
       "    </tr>\n",
       "    <tr>\n",
       "      <th>PTRATIO</th>\n",
       "      <td>0.289946</td>\n",
       "      <td>-0.391679</td>\n",
       "      <td>0.383248</td>\n",
       "      <td>-0.121515</td>\n",
       "      <td>0.188933</td>\n",
       "      <td>-0.355501</td>\n",
       "      <td>0.261515</td>\n",
       "      <td>-0.232471</td>\n",
       "      <td>0.464741</td>\n",
       "      <td>0.460853</td>\n",
       "      <td>1.000000</td>\n",
       "      <td>-0.177383</td>\n",
       "      <td>0.374044</td>\n",
       "      <td>-0.507787</td>\n",
       "    </tr>\n",
       "    <tr>\n",
       "      <th>B</th>\n",
       "      <td>-0.385064</td>\n",
       "      <td>0.175520</td>\n",
       "      <td>-0.356977</td>\n",
       "      <td>0.048788</td>\n",
       "      <td>-0.380051</td>\n",
       "      <td>0.128069</td>\n",
       "      <td>-0.273534</td>\n",
       "      <td>0.291512</td>\n",
       "      <td>-0.444413</td>\n",
       "      <td>-0.441808</td>\n",
       "      <td>-0.177383</td>\n",
       "      <td>1.000000</td>\n",
       "      <td>-0.366087</td>\n",
       "      <td>0.333461</td>\n",
       "    </tr>\n",
       "    <tr>\n",
       "      <th>LSTAT</th>\n",
       "      <td>0.455621</td>\n",
       "      <td>-0.412995</td>\n",
       "      <td>0.603800</td>\n",
       "      <td>-0.053929</td>\n",
       "      <td>0.590879</td>\n",
       "      <td>-0.613808</td>\n",
       "      <td>0.602339</td>\n",
       "      <td>-0.496996</td>\n",
       "      <td>0.488676</td>\n",
       "      <td>0.543993</td>\n",
       "      <td>0.374044</td>\n",
       "      <td>-0.366087</td>\n",
       "      <td>1.000000</td>\n",
       "      <td>-0.737663</td>\n",
       "    </tr>\n",
       "    <tr>\n",
       "      <th>price</th>\n",
       "      <td>-0.388305</td>\n",
       "      <td>0.360445</td>\n",
       "      <td>-0.483725</td>\n",
       "      <td>0.175260</td>\n",
       "      <td>-0.427321</td>\n",
       "      <td>0.695360</td>\n",
       "      <td>-0.376955</td>\n",
       "      <td>0.249929</td>\n",
       "      <td>-0.381626</td>\n",
       "      <td>-0.468536</td>\n",
       "      <td>-0.507787</td>\n",
       "      <td>0.333461</td>\n",
       "      <td>-0.737663</td>\n",
       "      <td>1.000000</td>\n",
       "    </tr>\n",
       "  </tbody>\n",
       "</table>\n",
       "</div>"
      ],
      "text/plain": [
       "             CRIM        ZN     INDUS      CHAS       NOX        RM       AGE  \\\n",
       "CRIM     1.000000 -0.200469  0.406583 -0.055892  0.420972 -0.219247  0.352734   \n",
       "ZN      -0.200469  1.000000 -0.533828 -0.042697 -0.516604  0.311991 -0.569537   \n",
       "INDUS    0.406583 -0.533828  1.000000  0.062938  0.763651 -0.391676  0.644779   \n",
       "CHAS    -0.055892 -0.042697  0.062938  1.000000  0.091203  0.091251  0.086518   \n",
       "NOX      0.420972 -0.516604  0.763651  0.091203  1.000000 -0.302188  0.731470   \n",
       "RM      -0.219247  0.311991 -0.391676  0.091251 -0.302188  1.000000 -0.240265   \n",
       "AGE      0.352734 -0.569537  0.644779  0.086518  0.731470 -0.240265  1.000000   \n",
       "DIS     -0.379670  0.664408 -0.708027 -0.099176 -0.769230  0.205246 -0.747881   \n",
       "RAD      0.625505 -0.311948  0.595129 -0.007368  0.611441 -0.209847  0.456022   \n",
       "TAX      0.582764 -0.314563  0.720760 -0.035587  0.668023 -0.292048  0.506456   \n",
       "PTRATIO  0.289946 -0.391679  0.383248 -0.121515  0.188933 -0.355501  0.261515   \n",
       "B       -0.385064  0.175520 -0.356977  0.048788 -0.380051  0.128069 -0.273534   \n",
       "LSTAT    0.455621 -0.412995  0.603800 -0.053929  0.590879 -0.613808  0.602339   \n",
       "price   -0.388305  0.360445 -0.483725  0.175260 -0.427321  0.695360 -0.376955   \n",
       "\n",
       "              DIS       RAD       TAX   PTRATIO         B     LSTAT     price  \n",
       "CRIM    -0.379670  0.625505  0.582764  0.289946 -0.385064  0.455621 -0.388305  \n",
       "ZN       0.664408 -0.311948 -0.314563 -0.391679  0.175520 -0.412995  0.360445  \n",
       "INDUS   -0.708027  0.595129  0.720760  0.383248 -0.356977  0.603800 -0.483725  \n",
       "CHAS    -0.099176 -0.007368 -0.035587 -0.121515  0.048788 -0.053929  0.175260  \n",
       "NOX     -0.769230  0.611441  0.668023  0.188933 -0.380051  0.590879 -0.427321  \n",
       "RM       0.205246 -0.209847 -0.292048 -0.355501  0.128069 -0.613808  0.695360  \n",
       "AGE     -0.747881  0.456022  0.506456  0.261515 -0.273534  0.602339 -0.376955  \n",
       "DIS      1.000000 -0.494588 -0.534432 -0.232471  0.291512 -0.496996  0.249929  \n",
       "RAD     -0.494588  1.000000  0.910228  0.464741 -0.444413  0.488676 -0.381626  \n",
       "TAX     -0.534432  0.910228  1.000000  0.460853 -0.441808  0.543993 -0.468536  \n",
       "PTRATIO -0.232471  0.464741  0.460853  1.000000 -0.177383  0.374044 -0.507787  \n",
       "B        0.291512 -0.444413 -0.441808 -0.177383  1.000000 -0.366087  0.333461  \n",
       "LSTAT   -0.496996  0.488676  0.543993  0.374044 -0.366087  1.000000 -0.737663  \n",
       "price    0.249929 -0.381626 -0.468536 -0.507787  0.333461 -0.737663  1.000000  "
      ]
     },
     "execution_count": 5,
     "metadata": {},
     "output_type": "execute_result"
    }
   ],
   "source": [
    "dataframe.corr()"
   ]
  },
  {
   "cell_type": "code",
   "execution_count": 20,
   "metadata": {},
   "outputs": [
    {
     "data": {
      "text/plain": [
       "<Axes: >"
      ]
     },
     "execution_count": 20,
     "metadata": {},
     "output_type": "execute_result"
    },
    {
     "data": {
